258 9
INPUT
30. 0 1 1 1 1 1
 20.137829 580.083457 0
 15.998482 310.302833 0
 14.974187 167.813944 0
 23.402455 -49.390229 0
 16.570553 -21.331879 0
0 1 5 8. 1.0
 106.5619124060 0.00931124795874 0.00211018358973
 46.15721047060 -0.1125389723450 -0.0080816466428
 24.97734494400 0.54631754107200 0.07781106272490
 12.37703015310 -1.0583117077200 -0.3813082913720
 5.556274410350 0.06492979728560 -0.0068819603613
0 1 3 8. 1.0
 7.092620383340 -0.2509261015550 0.21059885707400
 3.264356515840 0.98846252823900 0.71883500747400
 1.585407082790 0.49403693068600 0.32885753267100
0 1 2 0. 1.0
 0.789886054845 0.41830131955200 0.61910354618300
 0.408871435303 1.00587868902000 0.64513255728800
0 1 1 0. 1.0
 0.222794618265 1.00000000000000 1.00000000000000
0 3 6 10. 1.0
 43.97886979980 0.00739645407795
 15.17077596310 -0.0551642030359
 6.829966749010 0.21387543430800
 3.784825712490 0.42197708244300
 2.048115921630 0.36875755089400
 1.042887683600 0.14188461576500
0 3 1 0. 1.0
 0.491545411300 1.00000000000000
0 4 4 1. 1.0
 86.81303025510 0.00538207750212
 31.08995600100 0.04502531150030
 13.37021637900 0.13517096300000
 6.055550709520 0.26732730900000
0 4 3 0. 1.0
 2.738153742430 0.33986338255500
 1.204253858740 0.32944454526400
 0.554582528790 0.21718325177600
0 4 1 0. 1.0
 0.230311719126 1.00000000000000
