264 10
INPUT
36. 0 1 1 1 1 1
 24.602151 637.200869 0
 16.889250 261.689601 0
 13.643358 106.856533 0
 24.126917 -50.683590 0
 22.131887 -27.579630 0
0 1 5 8.0 1.0
 16558.82178440 0.000645997107804 -1.12000911838e-05
 8281.241814270 0.000456737868268 -1.15443727285e-05
 2428.055307600 0.004957200977550 -0.000279039727156
 686.9343502650 0.014754520214900 -0.001770821412680
 203.3273442580 0.023272000630700 -0.011218549383300
0 1 4 8.0 1.0
 58.59312787820 -0.04358445990370 0.0332206857579000
 31.37450772520 0.307726523258000 0.1134727368690000
 14.66781071180 -0.81384023087300 -0.753153463181000
 5.154353221900 -0.14585294630900 -0.102952329736000
0 1 3 0.0 1.0
 7.324626990620 -0.02628572881510 0.1309704451850000
 4.750191474880 0.867947304477000 0.4353834497150000
 2.394851856570 0.620814739348000 0.3782597584940000
0 1 2 0.0 1.0
 1.748069516900 -0.18922264531600 0.1926673942280000
 0.724554798716 1.442760719820000 0.9051984070640000
0 1 1 0.0 1.0
 0.291297374783 1.000000000000000 1.0000000000000000
0 3 7 10.0 1.0
 241.8557695170 0.001664378861840
 95.38901905500 0.007934096199710
 37.31028452020 0.033360200154700
 11.46968024070 0.109631922757000
 6.120347442000 0.420903140707000
 3.356448252970 0.363928472434000
 2.080067882430 0.243434996082000
0 3 1 0.0 1.0
 1.007109020984 1.000000000000000
0 4 4 7.0 1.0
 92.08046827710 0.007549697051550
 33.86221461070 0.060555558750800
 14.28080916500 0.168094391859000
 6.210178574470 0.266032200486000
0 4 3 0.0 1.0
 2.908308038960 0.403786353963000
 1.554949827380 0.288405917751000
 0.770540575731 0.215866476748000
0 4 1 0.0 1.0
 0.374168528890 1.000000000000000
