257 9
INPUT
29. 0 1 1 1 1 1
 19.441418 585.201953 0
 16.016353 330.109510 0
 15.128259 186.058232 0
 23.103875 -49.433352 0
 15.639020 -20.123020 0
0 1 5 8. 1.0
 97.95262084280 0.00664668921619 0.000923761114846
 39.55214247350 -0.1459813718570 -0.00729284552552
 23.97017778920 0.57810006070500 0.081425371830200
 11.85740919890 -1.0186829751000 -0.40538145972300
 6.438530290780 0.03290798243030 -0.00259240592132
0 1 3 8. 1.0
 6.491774496290 -0.2488833568250 0.220507576173000
 3.088908182710 0.97949006539900 0.713781575207000
 1.499950095730 0.48987232321500 0.344215276977000
0 1 2 0. 1.0
 0.712289222782 0.38628059352900 0.580226161594000
 0.359414281925 1.04968089631000 0.670830455538000
0 1 1 0. 1.0
 0.163747687780 1.00000000000000 1.000000000000000
0 3 6 10.0 1.0
 41.87762196700 0.00468427171242
 14.19264834340 -0.0567808984431
 6.320390895790 0.19621389476400
 3.461125891660 0.33499560739600
 1.905928163700 0.30565087239500
 0.958098962316 0.12120133810700
0 3 1 0.0 1.0
 0.447472653895 1.00000000000000
0 4 4 0. 1.0
 83.87985916780 0.00499986278600
 30.46203855070 0.04398003554200
 13.09369685760 0.13498950420400
 5.923866671350 0.26698510248000
0 4 3 0. 1.0
 2.588774387190 0.34780644794100
 1.124546778570 0.33150644794100
 0.558207237330 0.22101734777000
0 4 1 0. 1.0
 0.218170597000 1.00000000000000
